[Radius] Proportion

Generators: (0, -1, 1, 0), (1, 1, 0, 1)

[ 1] 0.00000
[ 2] 0.00000
[ 3] 0.02469
[ 4] 0.08651
[ 5] 0.18667
[ 6] 0.28566
[ 7] 0.42491
[ 8] 0.53342
[ 9] 0.64484
[10] 0.71671
[11] 0.79061
[12] 0.83455
[13] 0.87904
[14] 0.90400
[15] 0.92984
[16] 0.94385
[17] 0.95883
[18] 0.96675
[19] 0.97552
[20] 0.98008

Generators: (1, 0, 1, 1), (1, 1, 0, 1)

[ 1] 0.00000
[ 2] 0.05536
[ 3] 0.09778
[ 4] 0.21716
[ 5] 0.38433
[ 6] 0.53910
[ 7] 0.68606
[ 8] 0.77809
[ 9] 0.85581
[10] 0.89823
[11] 0.93421
[12] 0.95284
[13] 0.96926
[14] 0.97760
[15] 0.98528

Generators: (0, -1, 1, 1), (1, 1, 0, 1)

[ 1] 0.00000
[ 2] 0.00000
[ 3] 0.01361
[ 4] 0.11184
[ 5] 0.21191
[ 6] 0.35662
[ 7] 0.49142
[ 8] 0.61818
[ 9] 0.70698
[10] 0.78698
[11] 0.84034
[12] 0.88396
[13] 0.91360
[14] 0.93704
[15] 0.95226
[16] 0.96507
[17] 0.97324
[18] 0.98023

Generators: (0, -1, 1, 0), (1, -1, 1, 0)

[ 1] 0.00000
[ 2] 0.00000
[ 3] 0.00000
[ 4] 0.03306
[ 5] 0.06228
[ 6] 0.13120
[ 7] 0.18408
[ 8] 0.30331
[ 9] 0.35520
[10] 0.47892
[11] 0.52586
[12] 0.63459
[13] 0.66493
[14] 0.74868
[15] 0.77113
[16] 0.83140
[17] 0.84326
[18] 0.88620
[19] 0.89464
[20] 0.92383

Generators: (1, 100, 1, 101), (1, 1, 0, 1)

[ 1] 0.00000
[ 2] 0.11073
[ 3] 0.47277
[ 4] 0.69041
[ 5] 0.80981
[ 6] 0.87635
[ 7] 0.93885
[ 8] 0.96461
[ 9] 0.98189
[10] 0.98886

Generators: (1, 100, 1, 101), (1, 99, 1, 100)

[ 1] 0.00000
[ 2] 0.35986
[ 3] 0.57245
[ 4] 0.75614
[ 5] 0.90215
[ 6] 0.91546
[ 7] 0.97018
[ 8] 0.97100
[ 9] 0.99006
[10] 0.99087

Generators: (2, 1, 3, 2), (1, 0, 1, 1)

[ 1] 0.00000
[ 2] 0.11073
[ 3] 0.40441
[ 4] 0.57995
[ 5] 0.72901
[ 6] 0.79322
[ 7] 0.89212
[ 8] 0.93032
